neural average results
[506.3, 262.5, 280.3, 508.6, 731.0, 555.9, 560.2, 527.0, 457.3, 286.4, 331.5, 162.5, 133.5, 150.1, 84.1, 43.5, 54.7, 40.3, 31.8, 25.0, 19.8, 21.1, 19.2, 17.4, 18.0, 20.3, 15.9, 17.1, 16.5, 16.4, 17.2, 17.6, 15.2, 115.7, 26.0, 20.6, 16.7, 17.3, 18.0, 15.7, 18.1, 15.9, 32.3, 31.6, 15.6, 15.7, 16.2, 15.5, 15.0, 15.4]
neural agent summary statistics
mean: 127.71 standard deviation: 189.147108093
reward average results
[519.7, 680.4, 259.6, 456.0, 451.4, 461.5, 286.1, 447.1, 310.7, 342.9, 323.6, 338.9, 114.7, 185.1, 91.8, 65.6, 40.1, 41.4, 36.1, 24.9, 25.6, 19.0, 24.3, 16.8, 17.9, 19.0, 17.0, 18.4, 16.9, 18.0, 16.6, 17.8, 17.4, 15.6, 16.0, 15.1, 15.6, 15.4, 15.0, 15.2, 15.3, 16.3, 15.6, 17.4, 15.0, 15.3, 16.6, 15.2, 15.4, 15.8]
reward agent summary statistics
mean: 119.762 standard deviation: 173.069553521
state average results
[505.3, 401.5, 384.5, 669.0, 461.1, 593.3, 387.9, 444.5, 380.6, 257.3, 267.0, 202.4, 93.6, 88.9, 49.6, 63.2, 27.1, 41.2, 27.2, 20.5, 19.0, 19.6, 17.2, 15.6, 18.1, 16.1, 16.5, 16.9, 17.2, 16.3, 16.3, 15.8, 15.9, 17.5, 17.4, 25.5, 15.4, 20.6, 16.3, 15.7, 19.4, 18.6, 15.7, 15.6, 16.0, 15.0, 15.2, 16.0, 15.4, 15.2]
state agent summary statistics
mean: 117.534 standard deviation: 178.479651064
