random average results
[244.0, 397.0, 1000.0, 1000.0, 1000.0, 945.0, 125.0, 465.0, 410.0, 1000.0, 304.0, 516.0, 364.0, 1000.0, 871.0, 407.0, 293.0, 1000.0, 1000.0, 622.0, 1000.0, 252.0, 483.0, 41.0, 1000.0, 690.0, 1000.0, 610.0, 129.0, 292.0, 1000.0, 1000.0, 803.0, 692.0, 158.0, 244.0, 1000.0, 499.0, 50.0, 1000.0, 1000.0, 227.0, 1000.0, 57.0, 368.0, 265.0, 790.0, 1000.0, 1000.0, 465.0]
random agent summary statistics
mean: 621.56 standard deviation: 343.233865462
tabular average results
[1000.0, 412.0, 44.0, 1000.0, 162.0, 506.0, 397.0, 708.0, 474.0, 858.0, 625.0, 510.0, 817.0, 631.0, 753.0, 618.0, 793.0, 488.0, 870.0, 587.0, 565.0, 939.0, 500.0, 692.0, 927.0, 487.0, 719.0, 612.0, 671.0, 617.0, 539.0, 714.0, 337.0, 746.0, 628.0, 695.0, 702.0, 302.0, 928.0, 448.0, 445.0, 875.0, 516.0, 589.0, 507.0, 752.0, 446.0, 453.0, 717.0, 392.0]
tabular agent summary statistics
mean: 614.26 standard deviation: 202.750271023
tabular average results
[1000.0, 412.0, 44.0, 1000.0, 162.0, 506.0, 397.0, 708.0, 474.0, 858.0, 625.0, 510.0, 817.0, 631.0, 753.0, 618.0, 793.0, 488.0, 870.0, 587.0, 565.0, 939.0, 500.0, 692.0, 927.0, 487.0, 719.0, 612.0, 671.0, 617.0, 539.0, 714.0, 337.0, 746.0, 628.0, 695.0, 702.0, 302.0, 928.0, 448.0, 445.0, 875.0, 516.0, 589.0, 507.0, 752.0, 446.0, 453.0, 717.0, 392.0]
tabular agent summary statistics
mean: 614.26 standard deviation: 202.750271023
tabular average results
[1000.0, 412.0, 44.0, 1000.0, 162.0, 506.0, 397.0, 708.0, 474.0, 858.0, 625.0, 510.0, 817.0, 631.0, 753.0, 618.0, 793.0, 488.0, 870.0, 587.0, 565.0, 939.0, 500.0, 692.0, 927.0, 487.0, 719.0, 612.0, 671.0, 617.0, 539.0, 714.0, 337.0, 746.0, 628.0, 695.0, 702.0, 302.0, 928.0, 448.0, 445.0, 875.0, 516.0, 589.0, 507.0, 752.0, 446.0, 453.0, 717.0, 392.0]
tabular agent summary statistics
mean: 614.26 standard deviation: 202.750271023
tabular average results
[1000.0, 227.0, 161.0, 618.0, 134.0, 389.0, 387.0, 177.0, 192.0, 244.0, 182.0, 244.0, 152.0, 90.0, 276.0, 207.0, 129.0, 211.0, 52.0, 129.0, 215.0, 116.0, 108.0, 100.0, 158.0, 124.0, 104.0, 66.0, 130.0, 86.0, 66.0, 189.0, 124.0, 44.0, 120.0, 85.0, 137.0, 44.0, 60.0, 119.0, 57.0, 76.0, 127.0, 85.0, 77.0, 100.0, 71.0, 32.0, 58.0, 90.0]
tabular agent summary statistics
mean: 163.38 standard deviation: 157.439752286
tabular average results
[1000.0, 225.0, 163.0, 569.0, 257.0, 339.0, 371.0, 196.0, 254.0, 129.0, 206.0, 247.0, 158.0, 215.0, 229.0, 196.0, 98.0, 122.0, 182.0, 108.0, 120.0, 194.0, 100.0, 70.0, 156.0, 120.0, 74.0, 184.0, 132.0, 30.0, 173.0, 102.0, 101.0, 94.0, 66.0, 92.0, 130.0, 62.0, 96.0, 76.0, 88.0, 112.0, 96.0, 127.0, 38.0, 62.0, 58.0, 198.0, 34.0, 20.0]
tabular agent summary statistics
mean: 165.38 standard deviation: 153.145537317
tabular average results
[1000.0, 227.0, 161.0, 618.0, 134.0, 389.0, 387.0, 177.0, 192.0, 244.0, 182.0, 244.0, 152.0, 90.0, 276.0, 207.0, 129.0, 211.0, 52.0, 129.0, 215.0, 116.0, 108.0, 100.0, 158.0, 124.0, 104.0, 66.0, 130.0, 86.0, 66.0, 189.0, 124.0, 44.0, 120.0, 85.0, 137.0, 44.0, 60.0, 119.0, 57.0, 76.0, 127.0, 85.0, 77.0, 100.0, 71.0, 32.0, 58.0, 90.0]
tabular agent summary statistics
mean: 163.38 standard deviation: 157.439752286
tabular average results
[1000.0, 227.0, 161.0, 618.0, 134.0, 389.0, 387.0, 177.0, 192.0, 244.0, 182.0, 244.0, 152.0, 90.0, 276.0, 207.0, 129.0, 211.0, 52.0, 129.0, 215.0, 116.0, 108.0, 100.0, 158.0, 124.0, 104.0, 66.0, 130.0, 86.0, 66.0, 189.0, 124.0, 44.0, 120.0, 85.0, 137.0, 44.0, 60.0, 119.0, 57.0, 76.0, 127.0, 85.0, 77.0, 100.0, 71.0, 32.0, 58.0, 90.0]
tabular agent summary statistics
mean: 163.38 standard deviation: 157.439752286
neural average results
[831.0, 133.0, 538.0, 84.0, 69.0, 124.0, 77.0, 1000.0, 278.0, 68.0, 65.0, 410.0, 90.0, 76.0, 78.0, 87.0, 354.0, 91.0, 76.0, 106.0, 173.0, 685.0, 65.0, 82.0, 397.0, 82.0, 184.0, 575.0, 168.0, 229.0, 342.0, 866.0, 115.0, 264.0, 1000.0, 51.0, 92.0, 500.0, 63.0, 710.0, 85.0, 132.0, 96.0, 183.0, 87.0, 101.0, 81.0, 471.0, 61.0, 157.0]
neural agent summary statistics
mean: 254.64 standard deviation: 260.828047572
neural average results
[831.0, 309.0, 93.0, 76.0, 1000.0, 557.0, 556.0, 332.0, 166.0, 141.0, 16.0, 49.0, 54.0, 51.0, 21.0, 26.0, 47.0, 31.0, 42.0, 16.0, 16.0, 24.0, 32.0, 20.0, 16.0, 20.0, 16.0, 16.0, 16.0, 14.0, 24.0, 14.0, 14.0, 14.0, 16.0, 14.0, 14.0, 16.0, 14.0, 14.0, 22.0, 14.0, 14.0, 14.0, 18.0, 14.0, 22.0, 16.0, 14.0, 14.0]
neural agent summary statistics
mean: 98.4 standard deviation: 205.763262027
neural average results
[831.0, 309.0, 93.0, 76.0, 1000.0, 557.0, 556.0, 332.0, 166.0, 141.0, 16.0, 49.0, 54.0, 51.0, 21.0, 26.0, 47.0, 31.0, 42.0, 16.0, 16.0, 24.0, 32.0, 20.0, 16.0, 20.0, 16.0, 16.0, 16.0, 14.0, 24.0, 14.0, 14.0, 14.0, 16.0, 14.0, 14.0, 16.0, 14.0, 14.0, 22.0, 14.0, 14.0, 14.0, 18.0, 14.0, 22.0, 16.0, 14.0, 14.0]
neural agent summary statistics
mean: 98.4 standard deviation: 205.763262027
