average results
[[622.32, 586.8, 621.96, 690.04, 569.68, 682.1, 663.22, 585.1, 603.52, 683.86, 711.54, 668.56, 580.48, 649.06, 566.44, 605.1, 552.3, 660.84, 622.0, 601.6, 671.28, 592.86, 599.68, 651.88, 700.24, 591.5, 573.32, 627.54, 638.38, 644.62, 565.5, 598.74, 653.26, 665.32, 592.82, 604.4, 619.98, 617.54, 676.72, 570.36, 621.78, 632.66, 575.96, 540.78, 560.16, 683.2, 638.44, 698.66, 541.3, 604.42], [665.3, 475.42, 407.1, 532.44, 508.52, 587.78, 622.94, 652.06, 645.6, 700.58, 636.0, 626.86, 835.92, 647.16, 532.38, 643.92, 714.82, 635.82, 672.26, 705.94, 686.04, 728.1, 582.64, 744.1, 753.68, 644.08, 618.2, 619.86, 620.66, 615.82, 635.34, 600.78, 637.5, 616.24, 547.9, 609.92, 689.04, 593.38, 634.68, 591.74, 563.98, 592.58, 581.26, 645.72, 621.82, 660.6, 569.46, 465.16, 547.5, 582.52], [731.46, 460.62, 517.54, 630.4, 646.66, 573.66, 486.34, 495.18, 455.24, 418.92, 401.38, 348.66, 410.38, 402.3, 311.24, 261.94, 305.6, 289.94, 281.6, 223.66, 220.98, 187.82, 178.48, 163.46, 168.62, 198.7, 193.06, 192.18, 177.44, 129.64, 135.5, 115.12, 102.06, 81.54, 73.6, 68.56, 75.64, 60.1, 64.76, 59.62, 44.8, 32.02, 39.8, 42.98, 45.94, 38.4, 37.64, 38.6, 33.88, 34.22], [660.46, 563.04, 384.92, 439.12, 458.06, 462.56, 469.3, 420.12, 341.26, 392.6, 415.26, 320.78, 330.5, 325.46, 321.1, 279.94, 277.18, 213.26, 243.46, 179.58, 220.52, 237.6, 217.48, 233.68, 170.12, 156.82, 144.22, 109.04, 144.02, 150.74, 105.16, 159.92, 133.5, 137.74, 120.22, 75.24, 78.74, 103.1, 107.82, 80.94, 107.72, 81.52, 69.98, 48.62, 54.84, 69.36, 90.2, 70.26, 58.8, 96.56], [592.14, 426.04, 329.02, 495.28, 518.94, 395.54, 384.34, 326.62, 269.34, 309.68, 313.24, 299.24, 195.06, 214.9, 215.98, 223.36, 203.6, 157.26, 139.18, 218.14, 201.26, 171.96, 119.42, 165.8, 147.52, 177.06, 120.06, 126.68, 109.82, 84.12, 142.12, 109.32, 104.68, 73.44, 62.48, 77.84, 91.38, 82.38, 65.02, 59.8, 78.06, 58.9, 61.04, 65.96, 85.56, 89.82, 75.02, 55.2, 44.86, 58.46], [660.46, 480.98, 402.84, 458.7, 474.34, 504.22, 618.22, 534.08, 475.6, 591.36, 576.32, 598.84, 579.42, 501.28, 542.22, 523.34, 537.68, 547.82, 559.74, 594.84, 513.2, 499.2, 528.52, 571.34, 517.56, 500.5, 478.34, 532.78, 503.32, 545.4, 475.44, 568.64, 542.18, 444.92, 445.18, 531.14, 470.32, 481.9, 428.22, 402.14, 434.52, 438.64, 472.06, 450.3, 412.32, 419.62, 418.88, 480.16, 528.64, 444.7], [620.54, 499.46, 421.24, 465.34, 537.22, 523.2, 447.94, 453.0, 410.84, 356.48, 392.58, 405.46, 365.12, 355.0, 371.8, 318.18, 267.66, 271.8, 216.88, 265.84, 256.6, 228.32, 195.5, 239.04, 271.18, 237.38, 217.68, 210.36, 177.24, 215.38, 174.1, 148.46, 199.76, 154.18, 146.64, 138.7, 131.26, 110.8, 111.16, 79.04, 128.06, 86.08, 105.02, 131.76, 157.78, 102.88, 102.08, 109.24, 92.04, 114.22]]
random agent summary statistics
mean: 621.5964 standard deviation: 44.7074357466
tabularQ agent summary statistics
mean: 620.9824 standard deviation: 74.5311746469
neural agent summary statistics
mean: 233.7576 standard deviation: 189.814736399
reward agent summary statistics
mean: 222.6488 standard deviation: 149.459313696
state agent summary statistics
mean: 183.8388 standard deviation: 133.34917601
redundant agent summary statistics
mean: 504.8476 standard deviation: 59.6125657747
noise agent summary statistics
mean: 254.7504 standard deviation: 139.809628809

