average results
[[609.18, 672.94, 743.62, 653.08, 735.82, 653.74, 625.74, 791.22, 723.72, 608.38, 707.12, 707.94, 677.04, 666.64, 744.4, 758.94, 635.28, 606.94, 669.78, 631.04, 723.06, 814.44, 703.04, 822.98, 616.66, 612.94, 654.6, 600.1, 673.66, 732.68, 650.68, 714.38, 743.66, 709.92, 604.54, 651.42, 667.64, 632.44, 659.56, 706.82, 705.94, 670.72, 662.46, 730.4, 619.6, 626.78, 712.3, 726.42, 790.66, 721.06], [666.84, 500.0, 317.68, 560.74, 535.38, 564.96, 625.56, 407.12, 595.3, 590.94, 517.7, 533.68, 521.28, 597.76, 538.94, 513.5, 550.56, 525.92, 538.16, 541.3, 470.76, 590.94, 534.72, 514.46, 489.38, 538.08, 529.98, 528.92, 553.74, 512.9, 583.96, 542.94, 514.82, 524.22, 555.36, 512.92, 481.2, 447.16, 531.9, 431.14, 581.92, 496.8, 480.5, 558.76, 524.44, 493.42, 530.14, 478.96, 523.1, 496.84], [651.82, 244.92, 191.0, 171.58, 156.02, 115.2, 91.56, 85.14, 80.3, 61.7, 74.72, 68.56, 65.92, 38.72, 29.22, 31.04, 29.82, 31.74, 28.84, 45.36, 51.3, 73.64, 58.68, 55.22, 31.52, 30.44, 25.64, 23.58, 45.44, 25.54, 32.16, 44.42, 53.48, 64.18, 44.38, 63.6, 63.78, 46.0, 54.94, 62.8, 63.08, 46.62, 23.84, 23.62, 22.5, 21.72, 41.66, 40.42, 82.46, 21.78], [653.7, 395.24, 229.9, 269.08, 150.28, 144.84, 114.66, 123.04, 103.32, 87.52, 102.64, 94.3, 124.82, 77.2, 69.42, 69.6, 58.5, 81.5, 45.1, 82.84, 57.78, 50.84, 84.94, 61.82, 52.22, 56.22, 37.82, 32.66, 38.96, 37.66, 35.98, 31.4, 32.42, 42.84, 32.36, 39.48, 55.46, 44.96, 55.36, 32.04, 45.32, 43.1, 29.86, 36.82, 39.54, 45.86, 26.58, 38.7, 29.0, 38.04], [754.04, 322.52, 218.08, 224.36, 152.26, 145.7, 108.02, 62.42, 62.34, 38.96, 37.92, 38.88, 56.94, 66.04, 56.32, 38.36, 33.6, 34.8, 34.26, 31.72, 42.82, 31.6, 27.54, 28.92, 31.06, 26.18, 28.54, 34.0, 39.72, 31.42, 28.46, 28.22, 30.1, 27.5, 48.64, 32.32, 30.68, 26.7, 24.86, 29.58, 27.92, 26.44, 34.94, 26.06, 25.24, 24.3, 25.44, 26.04, 27.2, 35.76], [653.7, 414.94, 350.18, 183.3, 159.92, 188.62, 146.82, 145.2, 156.62, 164.42, 133.82, 135.28, 186.06, 162.72, 181.96, 145.36, 120.36, 128.86, 176.74, 172.84, 169.16, 144.5, 115.02, 111.14, 128.42, 87.08, 90.68, 120.22, 124.02, 122.92, 108.82, 163.72, 97.84, 105.36, 142.46, 133.26, 156.98, 106.46, 95.26, 114.34, 124.68, 93.4, 92.08, 109.88, 85.02, 80.96, 47.64, 91.3, 73.26, 71.0], [689.24, 303.08, 240.86, 241.4, 212.16, 169.56, 154.12, 153.1, 127.12, 103.08, 85.44, 108.26, 71.16, 53.84, 59.92, 50.0, 67.26, 45.7, 46.96, 52.98, 55.42, 55.74, 56.08, 59.82, 75.04, 39.56, 65.34, 48.9, 41.02, 30.08, 58.56, 55.24, 50.2, 44.26, 32.98, 38.66, 43.36, 57.94, 32.44, 58.28, 50.96, 50.6, 31.02, 42.36, 33.4, 35.3, 34.58, 40.2, 42.8, 43.4]]
random agent summary statistics
mean: 685.6824 standard deviation: 56.5384978421
tabularQ agent summary statistics
mean: 525.954 standard deviation: 54.7109055674
neural agent summary statistics
mean: 72.6324 standard deviation: 93.987173839
reward agent summary statistics
mean: 87.2708 standard deviation: 104.625138257
state agent summary statistics
mean: 68.5148 standard deviation: 113.952901977
redundant agent summary statistics
mean: 148.292 standard deviation: 94.0989279429
noise agent summary statistics
mean: 88.7756 standard deviation: 104.971954067

