average results
[[609.18, 672.94, 743.62, 653.08, 735.82, 653.74, 625.74, 791.22, 723.72, 608.38, 707.12, 707.94, 677.04, 666.64, 744.4, 758.94, 635.28, 606.94, 669.78, 631.04, 723.06, 814.44, 703.04, 822.98, 616.66, 612.94, 654.6, 600.1, 673.66, 732.68, 650.68, 714.38, 743.66, 709.92, 604.54, 651.42, 667.64, 632.44, 659.56, 706.82, 705.94, 670.72, 662.46, 730.4, 619.6, 626.78, 712.3, 726.42, 790.66, 721.06], [666.84, 582.72, 478.14, 398.88, 334.54, 269.34, 170.24, 178.12, 183.5, 185.96, 159.26, 119.78, 140.9, 96.94, 90.46, 82.5, 64.54, 69.52, 64.72, 73.24, 69.02, 63.38, 47.42, 45.28, 45.24, 53.16, 44.62, 37.82, 45.54, 40.64, 36.32, 49.62, 47.44, 36.98, 35.94, 51.08, 36.42, 37.12, 40.62, 36.62, 35.68, 38.82, 35.72, 40.72, 38.52, 31.96, 34.78, 38.6, 35.5, 36.18], [651.82, 651.76, 715.86, 740.44, 764.86, 706.32, 737.98, 739.08, 699.96, 686.72, 653.78, 625.24, 627.12, 578.14, 502.62, 508.24, 570.02, 530.98, 492.16, 444.46, 444.44, 434.68, 342.66, 334.34, 264.22, 325.36, 296.42, 305.36, 262.44, 266.68, 275.02, 269.04, 245.54, 251.62, 264.92, 242.14, 191.68, 206.38, 236.02, 222.1, 169.72, 165.1, 168.96, 174.48, 184.94, 171.2, 143.44, 156.72, 177.14, 175.38], [653.7, 679.04, 517.28, 524.08, 425.82, 464.16, 414.18, 440.62, 389.24, 312.3, 327.98, 315.4, 297.56, 267.14, 279.36, 190.7, 293.86, 288.58, 319.34, 234.82, 192.92, 291.76, 277.26, 246.1, 238.34, 255.06, 185.46, 264.7, 283.86, 301.6, 325.18, 282.8, 239.7, 213.2, 207.18, 324.24, 235.82, 225.66, 255.82, 266.44, 222.86, 214.38, 291.56, 242.9, 268.04, 288.12, 232.42, 222.92, 243.3, 255.68], [754.04, 542.06, 429.06, 351.58, 311.28, 340.64, 306.66, 254.28, 206.12, 171.24, 199.94, 137.96, 157.42, 127.82, 112.26, 170.68, 122.34, 108.32, 121.92, 117.1, 102.08, 89.12, 116.74, 136.9, 141.34, 140.76, 97.02, 105.54, 82.08, 82.08, 92.64, 93.34, 114.2, 88.28, 79.22, 123.52, 120.18, 90.64, 76.62, 96.62, 95.68, 87.08, 98.04, 116.58, 112.96, 87.72, 94.34, 66.84, 109.78, 99.64], [653.7, 581.02, 484.08, 371.56, 310.5, 348.56, 351.0, 303.66, 384.34, 301.14, 283.2, 238.28, 249.32, 206.94, 237.5, 214.22, 246.68, 216.96, 219.32, 208.26, 188.54, 159.54, 211.2, 240.64, 232.68, 184.72, 216.7, 237.4, 205.8, 183.8, 179.26, 161.42, 165.16, 210.5, 164.46, 176.2, 192.86, 120.36, 158.68, 215.68, 174.96, 203.22, 264.44, 204.32, 247.04, 203.94, 193.12, 245.48, 261.12, 219.04], [689.24, 700.72, 577.02, 454.82, 391.86, 433.74, 354.2, 344.62, 413.24, 384.06, 313.76, 288.48, 333.36, 326.2, 289.68, 251.44, 233.82, 255.76, 274.38, 237.04, 286.12, 285.22, 227.5, 214.1, 159.6, 235.36, 174.66, 178.58, 234.22, 184.16, 165.24, 201.56, 244.1, 217.72, 215.84, 243.1, 289.34, 254.46, 275.1, 272.58, 223.66, 265.4, 289.94, 255.06, 304.06, 222.68, 219.86, 215.08, 256.32, 257.4]]
random agent summary statistics
mean: 685.6824 standard deviation: 56.5384978421
tabularQ agent summary statistics
mean: 113.538 standard deviation: 141.34530423
neural agent summary statistics
mean: 399.914 standard deviation: 206.718097447
reward agent summary statistics
mean: 304.6088 standard deviation: 106.864973806
state agent summary statistics
mean: 161.606 standard deviation: 128.271374157
redundant agent summary statistics
mean: 248.6504 standard deviation: 100.371656496
noise agent summary statistics
mean: 292.3092 standard deviation: 113.646833248

