neural average results
[506.3, 349.6, 293.1, 745.9, 700.9, 790.6, 459.3, 839.3, 714.4, 577.2, 538.2, 456.6, 630.8, 554.2, 376.9, 469.1, 330.4, 158.6, 67.1, 160.0, 52.8, 28.8, 16.5, 53.3, 41.2, 18.9, 15.5, 38.2, 19.3, 16.5, 19.5, 19.7, 19.4, 16.5, 20.2, 17.0, 16.9, 16.9, 16.6, 55.5, 34.9, 15.4, 16.8, 16.2, 15.7, 19.1, 21.4, 22.9, 20.6, 23.8]
neural agent summary statistics
mean: 208.89 standard deviation: 263.278281862
reward average results
[519.7, 465.9, 541.8, 689.0, 489.9, 737.3, 820.8, 722.1, 693.3, 675.2, 729.2, 591.4, 519.7, 472.6, 316.3, 247.6, 235.6, 242.8, 265.6, 270.3, 198.2, 91.3, 119.9, 78.5, 42.7, 33.2, 33.7, 32.8, 17.7, 17.8, 32.2, 17.8, 17.6, 14.9, 17.7, 16.0, 15.9, 15.7, 16.3, 15.7, 16.7, 15.1, 15.8, 17.9, 29.8, 14.7, 15.6, 15.9, 17.1, 15.6]
reward agent summary statistics
mean: 225.318 standard deviation: 264.849713377
state average results
[505.3, 347.9, 256.9, 623.1, 668.2, 726.5, 742.6, 793.3, 731.8, 697.0, 457.7, 465.0, 332.7, 291.0, 302.1, 224.5, 114.9, 128.3, 42.3, 36.7, 70.2, 26.7, 27.5, 26.5, 18.7, 18.9, 22.7, 15.9, 15.5, 18.2, 17.1, 16.6, 20.1, 16.6, 19.9, 18.4, 17.2, 20.6, 16.1, 16.2, 15.9, 15.3, 16.4, 16.2, 15.5, 18.9, 25.0, 14.8, 14.7, 14.8]
state agent summary statistics
mean: 181.898 standard deviation: 251.535131137
