average results
[[622.32, 586.8, 621.96, 690.04, 569.68, 682.1, 663.22, 585.1, 603.52, 683.86, 711.54, 668.56, 580.48, 649.06, 566.44, 605.1, 552.3, 660.84, 622.0, 601.6, 671.28, 592.86, 599.68, 651.88, 700.24, 591.5, 573.32, 627.54, 638.38, 644.62, 565.5, 598.74, 653.26, 665.32, 592.82, 604.4, 619.98, 617.54, 676.72, 570.36, 621.78, 632.66, 575.96, 540.78, 560.16, 683.2, 638.44, 698.66, 541.3, 604.42], [665.3, 475.42, 407.1, 532.44, 508.52, 587.78, 622.94, 652.06, 645.6, 700.58, 636.0, 626.86, 835.92, 647.16, 532.38, 643.92, 714.82, 635.82, 672.26, 705.94, 686.04, 728.1, 582.64, 744.1, 753.68, 644.08, 618.2, 619.86, 620.66, 615.82, 635.34, 600.78, 637.5, 616.24, 547.9, 609.92, 689.04, 593.38, 634.68, 591.74, 563.98, 592.58, 581.26, 645.72, 621.82, 660.6, 569.46, 465.16, 547.5, 582.52], [731.46, 635.68, 844.98, 927.96, 967.9, 972.74, 1000.0, 1000.0, 1000.0, 1000.0, 1000.0, 1000.0, 1000.0, 1000.0, 1000.0, 1000.0, 1000.0, 1000.0, 1000.0, 1000.0, 1000.0, 1000.0, 1000.0, 1000.0, 1000.0, 1000.0, 1000.0, 1000.0, 1000.0, 1000.0, 1000.0, 1000.0, 1000.0, 1000.0, 1000.0, 1000.0, 1000.0, 1000.0, 1000.0, 1000.0, 1000.0, 1000.0, 1000.0, 1000.0, 1000.0, 1000.0, 1000.0, 1000.0, 1000.0, 1000.0], [660.46, 397.38, 440.58, 550.88, 637.68, 673.98, 629.12, 674.26, 696.48, 731.16, 718.64, 755.98, 730.76, 697.64, 788.04, 771.46, 765.12, 696.26, 697.38, 820.78, 763.16, 771.66, 770.24, 778.84, 770.24, 754.12, 734.56, 707.72, 726.64, 747.56, 754.76, 772.86, 769.04, 814.54, 811.66, 842.22, 826.0, 848.82, 808.34, 798.82, 792.0, 767.56, 816.28, 802.48, 808.26, 840.5, 747.12, 726.0, 751.44, 767.48], [592.14, 648.54, 604.04, 523.04, 594.32, 476.38, 415.68, 548.24, 409.82, 510.7, 419.16, 523.04, 404.04, 409.96, 454.02, 497.74, 436.08, 433.3, 481.42, 484.16, 477.26, 489.1, 552.26, 501.44, 537.48, 518.42, 498.34, 556.88, 486.16, 461.26, 620.54, 577.3, 562.3, 658.78, 611.46, 612.68, 680.2, 695.82, 653.44, 676.92, 631.88, 649.72, 707.62, 675.16, 611.5, 734.42, 746.28, 655.46, 725.4, 681.58], [660.46, 477.3, 522.02, 669.26, 641.54, 704.48, 752.14, 762.32, 779.78, 765.44, 736.48, 801.98, 745.96, 746.1, 762.8, 734.46, 774.48, 872.32, 794.12, 811.0, 788.58, 864.36, 824.98, 811.98, 793.32, 780.24, 795.24, 818.6, 836.02, 819.26, 757.12, 730.98, 764.18, 757.94, 702.18, 717.68, 773.2, 768.96, 753.94, 735.04, 811.2, 772.54, 796.56, 794.32, 776.94, 791.72, 845.9, 856.14, 872.96, 818.54], [620.54, 556.92, 581.8, 612.26, 669.26, 664.58, 727.76, 769.66, 786.7, 740.28, 729.92, 658.96, 710.5, 757.0, 800.28, 765.54, 753.46, 752.32, 783.86, 724.52, 789.32, 760.06, 730.28, 720.54, 729.14, 790.42, 769.52, 782.82, 768.12, 723.24, 729.76, 800.12, 732.4, 762.34, 715.92, 747.3, 771.8, 788.48, 807.06, 809.86, 801.32, 794.94, 792.94, 818.02, 833.08, 725.52, 777.92, 758.3, 771.76, 785.98]]
random agent summary statistics
mean: 621.5964 standard deviation: 44.7074357466
tabularQ agent summary statistics
mean: 620.9824 standard deviation: 74.5311746469
neural agent summary statistics
mean: 981.6144 standard deviation: 66.1718609731
reward agent summary statistics
mean: 738.4992 standard deviation: 87.7864223634
state agent summary statistics
mean: 562.2576 standard deviation: 97.0443273264
redundant agent summary statistics
mean: 764.9012 standard deviation: 73.6869847297
noise agent summary statistics
mean: 745.088 standard deviation: 58.8529220345

