average results
[[622.32, 586.8, 621.96, 690.04, 569.68, 682.1, 663.22, 585.1, 603.52, 683.86, 711.54, 668.56, 580.48, 649.06, 566.44, 605.1, 552.3, 660.84, 622.0, 601.6, 671.28, 592.86, 599.68, 651.88, 700.24, 591.5, 573.32, 627.54, 638.38, 644.62, 565.5, 598.74, 653.26, 665.32, 592.82, 604.4, 619.98, 617.54, 676.72, 570.36, 621.78, 632.66, 575.96, 540.78, 560.16, 683.2, 638.44, 698.66, 541.3, 604.42], [665.3, 532.0, 446.08, 395.06, 354.48, 240.92, 250.3, 184.08, 216.86, 130.14, 129.94, 145.7, 97.02, 92.52, 82.64, 69.4, 77.56, 71.34, 60.18, 48.06, 46.32, 35.9, 35.4, 29.88, 24.82, 22.38, 18.48, 21.1, 18.5, 16.68, 15.92, 15.84, 15.7, 15.8, 16.02, 15.84, 16.02, 15.58, 15.68, 15.68, 15.78, 16.04, 15.68, 15.9, 15.9, 16.08, 15.8, 15.7, 15.72, 15.72], [731.46, 389.4, 695.8, 831.56, 860.44, 871.02, 891.36, 913.52, 908.08, 887.6, 877.82, 885.58, 924.0, 907.26, 893.9, 858.92, 901.84, 875.08, 894.44, 900.46, 897.08, 906.24, 831.92, 893.62, 901.66, 879.36, 897.6, 898.58, 856.66, 848.84, 797.14, 867.46, 852.38, 883.7, 792.2, 794.18, 860.2, 845.76, 779.48, 856.22, 870.16, 872.52, 884.32, 889.32, 836.1, 834.24, 866.58, 853.4, 853.54, 769.42], [660.46, 371.04, 443.08, 475.72, 526.28, 531.14, 613.4, 616.9, 643.56, 651.94, 710.56, 698.04, 675.14, 710.66, 654.6, 627.32, 604.96, 630.98, 667.88, 511.62, 525.72, 515.46, 599.82, 570.04, 538.98, 511.9, 556.2, 525.06, 549.68, 588.42, 534.24, 485.4, 498.02, 469.66, 494.74, 492.06, 461.76, 544.14, 510.16, 487.8, 554.4, 498.88, 590.72, 573.28, 527.6, 587.4, 544.04, 525.62, 484.64, 549.94], [592.14, 289.64, 293.96, 385.18, 429.02, 418.72, 336.3, 396.96, 511.34, 391.86, 412.9, 392.76, 417.12, 419.04, 457.46, 487.74, 543.66, 540.08, 523.88, 478.84, 490.34, 481.26, 486.0, 453.2, 523.68, 467.48, 388.8, 483.58, 450.66, 512.88, 519.86, 488.2, 551.9, 492.16, 449.02, 401.48, 546.14, 506.04, 466.9, 466.34, 459.06, 597.82, 459.26, 603.92, 435.42, 582.34, 537.38, 455.48, 493.46, 524.68], [660.46, 404.14, 465.54, 523.62, 545.54, 665.6, 658.92, 620.68, 559.96, 601.18, 677.08, 668.32, 670.78, 667.44, 698.06, 690.12, 631.02, 691.92, 658.12, 584.42, 642.98, 618.2, 624.06, 638.38, 583.4, 533.02, 611.68, 621.12, 630.3, 648.86, 607.02, 542.18, 563.08, 549.58, 590.74, 580.06, 583.14, 613.12, 603.86, 538.56, 616.04, 605.3, 579.6, 584.34, 698.32, 681.2, 600.2, 615.68, 600.72, 604.66], [620.54, 410.72, 434.16, 548.46, 542.26, 533.56, 598.92, 669.3, 662.52, 668.2, 642.1, 678.98, 662.32, 577.74, 600.46, 637.24, 609.58, 566.82, 555.06, 585.54, 580.06, 560.1, 494.48, 519.12, 540.02, 550.1, 510.22, 517.36, 579.96, 495.94, 542.56, 563.5, 554.46, 586.54, 519.22, 572.7, 465.2, 526.38, 472.78, 529.3, 501.68, 446.8, 497.1, 589.66, 530.22, 542.84, 527.08, 507.32, 512.06, 491.5]]
random agent summary statistics
mean: 621.5964 standard deviation: 44.7074357466
tabularQ agent summary statistics
mean: 97.5088 standard deviation: 144.733295363
neural agent summary statistics
mean: 851.3884 standard deviation: 80.5556922473
reward agent summary statistics
mean: 558.4212 standard deviation: 73.5527485724
state agent summary statistics
mean: 469.8668 standard deviation: 69.4576118921
redundant agent summary statistics
mean: 609.0464 standard deviation: 57.9534633222
noise agent summary statistics
mean: 552.6148 standard deviation: 61.4225389003

