random average results
[609.18, 672.94, 743.62, 653.08, 735.82, 653.74, 625.74, 791.22, 723.72, 608.38, 707.12, 707.94, 677.04, 666.64, 744.4, 758.94, 635.28, 606.94, 669.78, 631.04, 723.06, 814.44, 703.04, 822.98, 616.66, 612.94, 654.6, 600.1, 673.66, 732.68, 650.68, 714.38, 743.66, 709.92, 604.54, 651.42, 667.64, 632.44, 659.56, 706.82, 705.94, 670.72, 662.46, 730.4, 619.6, 626.78, 712.3, 726.42, 790.66, 721.06]
random agent summary statistics
mean: 685.6824 standard deviation: 56.5384978421
tabularQ average results
[666.84, 500.0, 317.68, 560.74, 535.38, 564.96, 625.56, 407.12, 595.3, 590.94, 517.7, 533.68, 521.28, 597.76, 538.94, 513.5, 550.56, 525.92, 538.16, 541.3, 470.76, 590.94, 534.72, 514.46, 489.38, 538.08, 529.98, 528.92, 553.74, 512.9, 583.96, 542.94, 514.82, 524.22, 555.36, 512.92, 481.2, 447.16, 531.9, 431.14, 581.92, 496.8, 480.5, 558.76, 524.44, 493.42, 530.14, 478.96, 523.1, 496.84]
tabularQ agent summary statistics
mean: 525.954 standard deviation: 54.7109055674
neural average results
[651.82, 430.44, 428.04, 419.9, 437.92, 439.18, 438.42, 441.84, 458.26, 478.2, 478.82, 478.5, 479.9, 500.76, 500.1, 517.8, 516.76, 539.48, 536.84, 533.36, 537.68, 559.2, 562.38, 555.68, 581.86, 582.42, 583.04, 621.0, 638.02, 661.76, 694.44, 713.38, 733.22, 753.9, 770.46, 768.28, 775.06, 769.2, 790.74, 808.3, 827.06, 827.88, 828.42, 854.3, 865.66, 865.8, 864.68, 868.04, 887.58, 889.44]
neural agent summary statistics
mean: 634.9044 standard deviation: 155.261069082
