random average results
[609.18, 672.94, 743.62, 653.08, 735.82, 653.74, 625.74, 791.22, 723.72, 608.38, 707.12, 707.94, 677.04, 666.64, 744.4, 758.94, 635.28, 606.94, 669.78, 631.04, 723.06, 814.44, 703.04, 822.98, 616.66, 612.94, 654.6, 600.1, 673.66, 732.68, 650.68, 714.38, 743.66, 709.92, 604.54, 651.42, 667.64, 632.44, 659.56, 706.82, 705.94, 670.72, 662.46, 730.4, 619.6, 626.78, 712.3, 726.42, 790.66, 721.06]
random agent summary statistics
mean: 685.6824 standard deviation: 56.5384978421
tabularQ average results
[666.84, 582.72, 478.14, 398.88, 334.54, 269.34, 170.24, 178.12, 183.5, 185.96, 159.26, 119.78, 140.9, 96.94, 90.46, 82.5, 64.54, 69.52, 64.72, 73.24, 69.02, 63.38, 47.42, 45.28, 45.24, 53.16, 44.62, 37.82, 45.54, 40.64, 36.32, 49.62, 47.44, 36.98, 35.94, 51.08, 36.42, 37.12, 40.62, 36.62, 35.68, 38.82, 35.72, 40.72, 38.52, 31.96, 34.78, 38.6, 35.5, 36.18]
tabularQ agent summary statistics
mean: 113.538 standard deviation: 141.34530423
neural average results
[651.82, 74.3, 40.54, 37.18, 33.3, 36.84, 51.3, 35.76, 66.18, 63.5, 74.28, 57.06, 39.3, 54.82, 65.16, 40.08, 60.7, 54.0, 38.26, 82.78, 95.56, 67.92, 59.22, 75.8, 105.78, 111.32, 101.1, 110.86, 91.36, 64.82, 72.74, 140.56, 149.08, 124.22, 193.62, 160.4, 215.44, 189.42, 219.22, 214.64, 308.94, 268.0, 280.22, 324.08, 380.4, 375.66, 345.38, 437.24, 388.58, 498.0]
neural agent summary statistics
mean: 156.5348 standard deviation: 140.515371789
